0 0.3473557692307692 0.8737980769230769 0.12620192307692307 0.14302884615384615
2 0.375 0.7692307692307693 0.03125 0.07692307692307693
2 0.44350961538461536 0.7175480769230769 0.03125 0.052884615384615384
2 0.4423076923076923 0.8028846153846154 0.03125 0.09615384615384616
2 0.5348557692307693 0.8810096153846154 0.03485576923076923 0.17427884615384615
2 0.5877403846153846 0.8521634615384616 0.06490384615384616 0.23557692307692307
2 0.7223557692307693 0.8677884615384616 0.140625 0.25841346153846156
2 0.7007211538461539 0.7199519230769231 0.06129807692307692 0.09254807692307693
2 0.8882211538461539 0.8966346153846154 0.13701923076923078 0.15625
2 0.5528846153846154 0.6899038461538461 0.027644230769230768 0.06009615384615385
2 0.5805288461538461 0.6814903846153846 0.025240384615384616 0.0673076923076923
2 0.5072115384615384 0.7079326923076923 0.04447115384615385 0.054086538461538464
1 0.4254807692307692 0.8569711538461539 0.37259615384615385 0.052884615384615384