3 0.7512019230769231 0.890625 0.21033653846153846 0.12740384615384615
3 0.671875 0.8245192307692307 0.03365384615384615 0.018028846153846152
3 0.6658653846153846 0.7824519230769231 0.18870192307692307 0.07572115384615384
3 0.6177884615384616 0.8305288461538461 0.028846153846153848 0.014423076923076924
3 0.6730769230769231 0.7151442307692307 0.037259615384615384 0.014423076923076924
3 0.6274038461538461 0.6754807692307693 0.06370192307692307 0.02403846153846154
1 0.5889423076923077 0.7319711538461539 0.02283653846153846 0.006009615384615385
1 0.5564903846153846 0.7632211538461539 0.021634615384615384 0.008413461538461538
1 0.5721153846153846 0.8028846153846154 0.015625 0.006009615384615385
1 0.5997596153846154 0.8533653846153846 0.05048076923076923 0.009615384615384616
1 0.6105769230769231 0.875 0.05048076923076923 0.015625
1 0.5973557692307693 0.8978365384615384 0.040865384615384616 0.010817307692307692
1 0.6310096153846154 0.9158653846153846 0.04447115384615385 0.014423076923076924