1 0.6322115384615384 0.8882211538461539 0.038461538461538464 0.01201923076923077
1 0.6009615384615384 0.8725961538461539 0.040865384615384616 0.009615384615384616
1 0.6105769230769231 0.8545673076923077 0.052884615384615384 0.009615384615384616
1 0.609375 0.8341346153846154 0.05048076923076923 0.014423076923076924
1 0.5949519230769231 0.7271634615384616 0.016826923076923076 0.009615384615384616
1 0.5649038461538461 0.7548076923076923 0.02283653846153846 0.006009615384615385
3 0.6658653846153846 0.7692307692307693 0.18028846153846154 0.06490384615384616
3 0.6237980769230769 0.8137019230769231 0.026442307692307692 0.01201923076923077
3 0.7367788461538461 0.8701923076923077 0.17067307692307693 0.1141826923076923
3 0.6706730769230769 0.8064903846153846 0.025240384615384616 0.014423076923076924
3 0.6189903846153846 0.6754807692307693 0.06370192307692307 0.013221153846153846
3 0.6778846153846154 0.7127403846153846 0.03485576923076923 0.020432692307692308