1 0.5889423076923077 0.9350961538461539 0.04447115384615385 0.009615384615384616
1 0.6069711538461539 0.9086538461538461 0.052884615384615384 0.014423076923076924
1 0.5961538461538461 0.8858173076923077 0.0625 0.009615384615384616
1 0.5625 0.8257211538461539 0.021634615384615384 0.007211538461538462
1 0.546875 0.7788461538461539 0.026442307692307692 0.009615384615384616
1 0.5841346153846154 0.7463942307692307 0.025240384615384616 0.006009615384615385
3 0.6646634615384616 0.8004807692307693 0.20432692307692307 0.0889423076923077
3 0.7403846153846154 0.9254807692307693 0.17908653846153846 0.14783653846153846
3 0.6706730769230769 0.8449519230769231 0.030048076923076924 0.016826923076923076
3 0.6153846153846154 0.8569711538461539 0.03125 0.016826923076923076
3 0.6694711538461539 0.7259615384615384 0.04447115384615385 0.015625
3 0.6310096153846154 0.6838942307692307 0.039663461538461536 0.016826923076923076