3 0.7776442307692307 0.9375 0.23076923076923078 0.12259615384615384
3 0.6862980769230769 0.8701923076923077 0.03365384615384615 0.019230769230769232
3 0.6790865384615384 0.8161057692307693 0.2247596153846154 0.09975961538461539
3 0.625 0.8822115384615384 0.03485576923076923 0.016826923076923076
3 0.6790865384615384 0.734375 0.040865384615384616 0.015625
1 0.5877403846153846 0.7548076923076923 0.02403846153846154 0.006009615384615385
1 0.5504807692307693 0.7944711538461539 0.025240384615384616 0.006009615384615385
1 0.5661057692307693 0.84375 0.02283653846153846 0.009615384615384616
1 0.6045673076923077 0.9170673076923077 0.0625 0.015625
1 0.6129807692307693 0.9495192307692307 0.06971153846153846 0.021634615384615384
1 0.5997596153846154 0.9783653846153846 0.051682692307692304 0.019230769230769232